9 20 740
1 3 27.0 2.0 6.0 2.0 179.0 51.0 18.0 38.0 264.249 97.0 0.0 1.0 0.0 1.0 0.0 0.0 89.0 170.0 31.0 2.0 
1 3 27.0 2.0 6.0 2.0 179.0 51.0 18.0 38.0 264.249 97.0 0.0 1.0 0.0 1.0 0.0 0.0 89.0 170.0 31.0 2.0 
1 3 27.0 2.0 5.0 2.0 179.0 51.0 18.0 38.0 264.249 97.0 0.0 1.0 0.0 1.0 0.0 0.0 89.0 170.0 31.0 2.0 
1 3 27.0 2.0 5.0 2.0 179.0 51.0 18.0 38.0 264.249 97.0 0.0 1.0 0.0 1.0 0.0 0.0 89.0 170.0 31.0 2.0 
1 3 27.0 2.0 4.0 2.0 179.0 51.0 18.0 38.0 264.249 97.0 0.0 1.0 0.0 1.0 0.0 0.0 89.0 170.0 31.0 2.0 
1 3 27.0 2.0 4.0 2.0 179.0 51.0 18.0 38.0 264.249 97.0 0.0 1.0 0.0 1.0 0.0 0.0 89.0 170.0 31.0 2.0 
1 3 27.0 2.0 4.0 2.0 179.0 51.0 18.0 38.0 264.249 97.0 0.0 1.0 0.0 1.0 0.0 0.0 89.0 170.0 31.0 2.0 
1 3 27.0 2.0 6.0 2.0 179.0 51.0 18.0 38.0 264.249 97.0 0.0 1.0 0.0 1.0 0.0 0.0 89.0 170.0 31.0 3.0 
1 3 27.0 2.0 5.0 2.0 179.0 51.0 18.0 38.0 264.249 97.0 0.0 1.0 0.0 1.0 0.0 0.0 89.0 170.0 31.0 3.0 
1 3 27.0 2.0 4.0 2.0 179.0 51.0 18.0 38.0 264.249 97.0 0.0 1.0 0.0 1.0 0.0 0.0 89.0 170.0 31.0 3.0 
1 3 27.0 2.0 3.0 2.0 179.0 51.0 18.0 38.0 264.249 97.0 0.0 1.0 0.0 1.0 0.0 0.0 89.0 170.0 31.0 2.0 
1 3 27.0 2.0 2.0 2.0 179.0 51.0 18.0 38.0 264.249 97.0 0.0 1.0 0.0 1.0 0.0 0.0 89.0 170.0 31.0 2.0 
1 3 27.0 2.0 2.0 2.0 179.0 51.0 18.0 38.0 264.249 97.0 0.0 1.0 0.0 1.0 0.0 0.0 89.0 170.0 31.0 2.0 
2 3 23.0 2.0 6.0 2.0 179.0 51.0 18.0 38.0 251.818 96.0 0.0 1.0 0.0 1.0 0.0 0.0 89.0 170.0 31.0 3.0 
2 3 23.0 10.0 6.0 4.0 179.0 51.0 18.0 38.0 253.465 93.0 0.0 1.0 0.0 1.0 0.0 0.0 89.0 170.0 31.0 3.0 
2 3 23.0 10.0 3.0 4.0 179.0 51.0 18.0 38.0 253.465 93.0 0.0 1.0 0.0 1.0 0.0 0.0 89.0 170.0 31.0 3.0 
2 3 27.0 2.0 6.0 2.0 179.0 51.0 18.0 38.0 251.818 96.0 0.0 1.0 0.0 1.0 0.0 0.0 89.0 170.0 31.0 3.0 
2 3 27.0 2.0 6.0 2.0 179.0 51.0 18.0 38.0 251.818 96.0 0.0 1.0 0.0 1.0 0.0 0.0 89.0 170.0 31.0 3.0 
2 3 27.0 2.0 6.0 2.0 179.0 51.0 18.0 38.0 251.818 96.0 0.0 1.0 0.0 1.0 0.0 0.0 89.0 170.0 31.0 3.0 
2 3 27.0 2.0 4.0 2.0 179.0 51.0 18.0 38.0 251.818 96.0 0.0 1.0 0.0 1.0 0.0 0.0 89.0 170.0 31.0 3.0 
2 3 27.0 2.0 4.0 2.0 179.0 51.0 18.0 38.0 251.818 96.0 0.0 1.0 0.0 1.0 0.0 0.0 89.0 170.0 31.0 3.0 
2 3 27.0 2.0 4.0 2.0 179.0 51.0 18.0 38.0 251.818 96.0 0.0 1.0 0.0 1.0 0.0 0.0 89.0 170.0 31.0 3.0 
2 3 27.0 2.0 4.0 2.0 179.0 51.0 18.0 38.0 251.818 96.0 0.0 1.0 0.0 1.0 0.0 0.0 89.0 170.0 31.0 3.0 
2 3 27.0 2.0 2.0 2.0 179.0 51.0 18.0 38.0 251.818 96.0 0.0 1.0 0.0 1.0 0.0 0.0 89.0 170.0 31.0 2.0 
2 3 27.0 2.0 2.0 2.0 179.0 51.0 18.0 38.0 251.818 96.0 0.0 1.0 0.0 1.0 0.0 0.0 89.0 170.0 31.0 3.0 
2 3 28.0 6.0 2.0 1.0 179.0 51.0 18.0 38.0 253.957 95.0 0.0 1.0 0.0 1.0 0.0 0.0 89.0 170.0 31.0 2.0 
2 3 28.0 6.0 2.0 3.0 179.0 51.0 18.0 38.0 253.957 95.0 0.0 1.0 0.0 1.0 0.0 0.0 89.0 170.0 31.0 3.0 
2 3 28.0 6.0 2.0 3.0 179.0 51.0 18.0 38.0 253.957 95.0 0.0 1.0 0.0 1.0 0.0 0.0 89.0 170.0 31.0 4.0 
2 3 25.0 8.0 5.0 1.0 179.0 51.0 18.0 38.0 249.797 93.0 0.0 1.0 0.0 1.0 0.0 0.0 89.0 170.0 31.0 4.0 
2 3 25.0 8.0 2.0 1.0 179.0 51.0 18.0 38.0 249.797 93.0 0.0 1.0 0.0 1.0 0.0 0.0 89.0 170.0 31.0 4.0 
2 3 28.0 5.0 4.0 3.0 179.0 51.0 18.0 38.0 246.074 99.0 0.0 1.0 0.0 1.0 0.0 0.0 89.0 170.0 31.0 4.0 
2 3 23.0 10.0 4.0 4.0 179.0 51.0 18.0 38.0 253.465 93.0 0.0 1.0 0.0 1.0 0.0 0.0 89.0 170.0 31.0 8.0 
2 3 28.0 3.0 2.0 2.0 179.0 51.0 18.0 38.0 244.387 98.0 0.0 1.0 0.0 1.0 0.0 0.0 89.0 170.0 31.0 2.0 
2 3 28.0 3.0 6.0 3.0 179.0 51.0 18.0 38.0 244.387 98.0 0.0 1.0 0.0 1.0 0.0 0.0 89.0 170.0 31.0 8.0 
2 3 23.0 9.0 6.0 4.0 179.0 51.0 18.0 38.0 241.476 92.0 0.0 1.0 0.0 1.0 0.0 0.0 89.0 170.0 31.0 3.0 
2 3 23.0 9.0 4.0 4.0 179.0 51.0 18.0 38.0 241.476 92.0 0.0 1.0 0.0 1.0 0.0 0.0 89.0 170.0 31.0 3.0 
2 3 23.0 9.0 3.0 1.0 179.0 51.0 18.0 38.0 241.476 92.0 0.0 1.0 0.0 1.0 0.0 0.0 89.0 170.0 31.0 3.0 
2 3 23.0 9.0 3.0 1.0 179.0 51.0 18.0 38.0 241.476 92.0 0.0 1.0 0.0 1.0 0.0 0.0 89.0 170.0 31.0 4.0 
2 3 23.0 7.0 6.0 1.0 179.0 51.0 18.0 38.0 239.554 97.0 0.0 1.0 0.0 1.0 0.0 0.0 89.0 170.0 31.0 2.0 
2 3 23.0 7.0 6.0 1.0 179.0 51.0 18.0 38.0 239.554 97.0 0.0 1.0 0.0 1.0 0.0 0.0 89.0 170.0 31.0 2.0 
2 3 23.0 7.0 4.0 1.0 179.0 51.0 18.0 38.0 239.554 97.0 0.0 1.0 0.0 1.0 0.0 0.0 89.0 170.0 31.0 2.0 
2 3 23.0 7.0 4.0 1.0 179.0 51.0 18.0 38.0 239.554 97.0 0.0 1.0 0.0 1.0 0.0 0.0 89.0 170.0 31.0 4.0 
2 3 28.0 4.0 4.0 3.0 179.0 51.0 18.0 38.0 239.409 98.0 0.0 1.0 0.0 1.0 0.0 0.0 89.0 170.0 31.0 4.0 
2 3 28.0 4.0 2.0 3.0 179.0 51.0 18.0 38.0 239.409 98.0 0.0 1.0 0.0 1.0 0.0 0.0 89.0 170.0 31.0 4.0 
2 3 28.0 4.0 4.0 3.0 179.0 51.0 18.0 38.0 239.409 98.0 0.0 1.0 0.0 1.0 0.0 0.0 89.0 170.0 31.0 8.0 
2 3 21.0 7.0 2.0 1.0 179.0 51.0 18.0 38.0 239.554 97.0 0.0 1.0 0.0 1.0 0.0 0.0 89.0 170.0 31.0 8.0 
2 3 28.0 12.0 6.0 4.0 179.0 51.0 18.0 38.0 236.629 93.0 0.0 1.0 0.0 1.0 0.0 0.0 89.0 170.0 31.0 1.0 
2 3 28.0 12.0 6.0 4.0 179.0 51.0 18.0 38.0 236.629 93.0 0.0 1.0 0.0 1.0 0.0 0.0 89.0 170.0 31.0 1.0 
2 3 28.0 12.0 5.0 4.0 179.0 51.0 18.0 38.0 236.629 93.0 0.0 1.0 0.0 1.0 0.0 0.0 89.0 170.0 31.0 1.0 
2 3 28.0 12.0 2.0 4.0 179.0 51.0 18.0 38.0 236.629 93.0 0.0 1.0 0.0 1.0 0.0 0.0 89.0 170.0 31.0 1.0 
2 3 28.0 12.0 2.0 4.0 179.0 51.0 18.0 38.0 236.629 93.0 0.0 1.0 0.0 1.0 0.0 0.0 89.0 170.0 31.0 2.0 
2 3 28.0 12.0 2.0 2.0 179.0 51.0 18.0 38.0 236.629 93.0 0.0 1.0 0.0 1.0 0.0 0.0 89.0 170.0 31.0 3.0 
2 3 28.0 3.0 2.0 2.0 179.0 51.0 18.0 38.0 244.387 98.0 0.0 1.0 0.0 1.0 0.0 0.0 89.0 170.0 31.0 16.0 
2 3 28.0 7.0 3.0 1.0 179.0 51.0 18.0 38.0 230.29 92.0 0.0 1.0 0.0 1.0 0.0 0.0 89.0 170.0 31.0 1.0 
3 22 23.0 5.0 4.0 3.0 179.0 26.0 9.0 30.0 246.074 99.0 0.0 3.0 0.0 0.0 0.0 0.0 56.0 171.0 19.0 3.0 
3 22 21.0 6.0 4.0 1.0 179.0 26.0 9.0 30.0 253.957 95.0 0.0 3.0 0.0 0.0 0.0 0.0 56.0 171.0 19.0 2.0 
3 22 23.0 5.0 4.0 3.0 179.0 26.0 9.0 30.0 246.074 99.0 0.0 3.0 0.0 0.0 0.0 0.0 56.0 171.0 19.0 3.0 
3 22 25.0 5.0 2.0 3.0 179.0 26.0 9.0 30.0 246.074 99.0 0.0 3.0 0.0 0.0 0.0 0.0 56.0 171.0 19.0 2.0 
3 22 27.0 4.0 6.0 3.0 179.0 26.0 9.0 30.0 246.288 91.0 0.0 3.0 0.0 0.0 0.0 0.0 56.0 171.0 19.0 2.0 
3 22 27.0 4.0 6.0 3.0 179.0 26.0 9.0 30.0 246.288 91.0 0.0 3.0 0.0 0.0 0.0 0.0 56.0 171.0 19.0 2.0 
3 22 27.0 4.0 6.0 3.0 179.0 26.0 9.0 30.0 246.288 91.0 0.0 3.0 0.0 0.0 0.0 0.0 56.0 171.0 19.0 2.0 
3 22 27.0 4.0 6.0 3.0 179.0 26.0 9.0 30.0 246.288 91.0 0.0 3.0 0.0 0.0 0.0 0.0 56.0 171.0 19.0 2.0 
3 22 27.0 5.0 6.0 3.0 179.0 26.0 9.0 30.0 237.656 99.0 0.0 3.0 0.0 0.0 0.0 0.0 56.0 171.0 19.0 2.0 
3 22 27.0 5.0 6.0 3.0 179.0 26.0 9.0 30.0 237.656 99.0 0.0 3.0 0.0 0.0 0.0 0.0 56.0 171.0 19.0 2.0 
3 22 27.0 5.0 4.0 3.0 179.0 26.0 9.0 30.0 237.656 99.0 0.0 3.0 0.0 0.0 0.0 0.0 56.0 171.0 19.0 2.0 
4 3 27.0 3.0 4.0 2.0 179.0 51.0 18.0 38.0 222.196 99.0 0.0 1.0 0.0 1.0 0.0 0.0 89.0 170.0 31.0 2.0 
4 3 27.0 3.0 4.0 2.0 179.0 51.0 18.0 38.0 222.196 99.0 0.0 1.0 0.0 1.0 0.0 0.0 89.0 170.0 31.0 2.0 
4 3 27.0 3.0 4.0 2.0 179.0 51.0 18.0 38.0 222.196 99.0 0.0 1.0 0.0 1.0 0.0 0.0 89.0 170.0 31.0 2.0 
4 3 27.0 3.0 6.0 2.0 179.0 51.0 18.0 38.0 222.196 99.0 0.0 1.0 0.0 1.0 0.0 0.0 89.0 170.0 31.0 3.0 
4 3 27.0 3.0 5.0 3.0 179.0 51.0 18.0 38.0 222.196 99.0 0.0 1.0 0.0 1.0 0.0 0.0 89.0 170.0 31.0 3.0 
4 3 27.0 3.0 5.0 2.0 179.0 51.0 18.0 38.0 222.196 99.0 0.0 1.0 0.0 1.0 0.0 0.0 89.0 170.0 31.0 3.0 
4 3 27.0 3.0 5.0 2.0 179.0 51.0 18.0 38.0 222.196 99.0 0.0 1.0 0.0 1.0 0.0 0.0 89.0 170.0 31.0 3.0 
4 3 27.0 3.0 5.0 2.0 179.0 51.0 18.0 38.0 222.196 99.0 0.0 1.0 0.0 1.0 0.0 0.0 89.0 170.0 31.0 3.0 
4 3 27.0 3.0 4.0 3.0 179.0 51.0 18.0 38.0 222.196 99.0 0.0 1.0 0.0 1.0 0.0 0.0 89.0 170.0 31.0 3.0 
4 3 27.0 3.0 3.0 2.0 179.0 51.0 18.0 38.0 222.196 99.0 0.0 1.0 0.0 1.0 0.0 0.0 89.0 170.0 31.0 2.0 
4 3 27.0 3.0 3.0 3.0 179.0 51.0 18.0 38.0 222.196 99.0 0.0 1.0 0.0 1.0 0.0 0.0 89.0 170.0 31.0 3.0 
4 3 27.0 3.0 2.0 2.0 179.0 51.0 18.0 38.0 222.196 99.0 0.0 1.0 0.0 1.0 0.0 0.0 89.0 170.0 31.0 2.0 
4 3 27.0 3.0 2.0 2.0 179.0 51.0 18.0 38.0 222.196 99.0 0.0 1.0 0.0 1.0 0.0 0.0 89.0 170.0 31.0 3.0 
5 28 22.0 7.0 4.0 1.0 225.0 26.0 9.0 28.0 264.604 93.0 0.0 1.0 1.0 0.0 0.0 2.0 69.0 169.0 24.0 8.0 
5 28 23.0 2.0 3.0 2.0 225.0 26.0 9.0 28.0 264.249 97.0 0.0 1.0 1.0 0.0 0.0 2.0 69.0 169.0 24.0 3.0 
5 28 23.0 11.0 6.0 4.0 225.0 26.0 9.0 28.0 268.519 93.0 0.0 1.0 1.0 0.0 0.0 2.0 69.0 169.0 24.0 2.0 
5 28 23.0 11.0 3.0 4.0 225.0 26.0 9.0 28.0 268.519 93.0 0.0 1.0 1.0 0.0 0.0 2.0 69.0 169.0 24.0 2.0 
5 28 23.0 11.0 6.0 4.0 225.0 26.0 9.0 28.0 268.519 93.0 0.0 1.0 1.0 0.0 0.0 2.0 69.0 169.0 24.0 4.0 
5 28 25.0 2.0 5.0 2.0 225.0 26.0 9.0 28.0 264.249 97.0 0.0 1.0 1.0 0.0 0.0 2.0 69.0 169.0 24.0 3.0 
5 28 25.0 2.0 3.0 2.0 225.0 26.0 9.0 28.0 264.249 97.0 0.0 1.0 1.0 0.0 0.0 2.0 69.0 169.0 24.0 2.0 
5 28 23.0 9.0 4.0 1.0 225.0 26.0 9.0 28.0 261.756 87.0 0.0 1.0 1.0 0.0 0.0 2.0 69.0 169.0 24.0 1.0 
5 28 23.0 12.0 6.0 2.0 225.0 26.0 9.0 28.0 261.306 97.0 0.0 1.0 1.0 0.0 0.0 2.0 69.0 169.0 24.0 2.0 
5 28 23.0 12.0 5.0 4.0 225.0 26.0 9.0 28.0 261.306 97.0 0.0 1.0 1.0 0.0 0.0 2.0 69.0 169.0 24.0 2.0 
5 28 23.0 12.0 3.0 4.0 225.0 26.0 9.0 28.0 261.306 97.0 0.0 1.0 1.0 0.0 0.0 2.0 69.0 169.0 24.0 2.0 
5 28 14.0 11.0 5.0 4.0 225.0 26.0 9.0 28.0 268.519 93.0 0.0 1.0 1.0 0.0 0.0 2.0 69.0 169.0 24.0 3.0 
5 28 28.0 12.0 5.0 4.0 225.0 26.0 9.0 28.0 261.306 97.0 0.0 1.0 1.0 0.0 0.0 2.0 69.0 169.0 24.0 3.0 
5 28 23.0 6.0 4.0 1.0 225.0 26.0 9.0 28.0 253.957 95.0 0.0 1.0 1.0 0.0 0.0 2.0 69.0 169.0 24.0 2.0 
5 28 23.0 10.0 4.0 4.0 225.0 26.0 9.0 28.0 253.465 93.0 0.0 1.0 1.0 0.0 0.0 2.0 69.0 169.0 24.0 2.0 
5 28 23.0 10.0 6.0 4.0 225.0 26.0 9.0 28.0 253.465 93.0 0.0 1.0 1.0 0.0 0.0 2.0 69.0 169.0 24.0 3.0 
5 28 23.0 10.0 4.0 4.0 225.0 26.0 9.0 28.0 253.465 93.0 0.0 1.0 1.0 0.0 0.0 2.0 69.0 169.0 24.0 3.0 
5 28 23.0 6.0 5.0 3.0 225.0 26.0 9.0 28.0 253.957 95.0 0.0 1.0 1.0 0.0 0.0 2.0 69.0 169.0 24.0 4.0 
6 28 23.0 2.0 4.0 2.0 225.0 26.0 9.0 28.0 302.585 99.0 0.0 1.0 1.0 0.0 0.0 2.0 69.0 169.0 24.0 1.0 
6 28 23.0 2.0 3.0 2.0 225.0 26.0 9.0 28.0 302.585 99.0 0.0 1.0 1.0 0.0 0.0 2.0 69.0 169.0 24.0 2.0 
6 28 25.0 2.0 5.0 2.0 225.0 26.0 9.0 28.0 302.585 99.0 0.0 1.0 1.0 0.0 0.0 2.0 69.0 169.0 24.0 3.0 
6 28 28.0 2.0 2.0 2.0 225.0 26.0 9.0 28.0 302.585 99.0 0.0 1.0 1.0 0.0 0.0 2.0 69.0 169.0 24.0 2.0 
6 28 23.0 1.0 4.0 2.0 225.0 26.0 9.0 28.0 308.593 95.0 0.0 1.0 1.0 0.0 0.0 2.0 69.0 169.0 24.0 1.0 
6 28 23.0 1.0 3.0 2.0 225.0 26.0 9.0 28.0 308.593 95.0 0.0 1.0 1.0 0.0 0.0 2.0 69.0 169.0 24.0 1.0 
6 28 27.0 1.0 6.0 2.0 225.0 26.0 9.0 28.0 308.593 95.0 0.0 1.0 1.0 0.0 0.0 2.0 69.0 169.0 24.0 1.0 
6 28 27.0 1.0 4.0 2.0 225.0 26.0 9.0 28.0 308.593 95.0 0.0 1.0 1.0 0.0 0.0 2.0 69.0 169.0 24.0 2.0 
6 28 27.0 1.0 3.0 2.0 225.0 26.0 9.0 28.0 308.593 95.0 0.0 1.0 1.0 0.0 0.0 2.0 69.0 169.0 24.0 2.0 
6 28 28.0 1.0 5.0 2.0 225.0 26.0 9.0 28.0 308.593 95.0 0.0 1.0 1.0 0.0 0.0 2.0 69.0 169.0 24.0 2.0 
7 34 28.0 8.0 3.0 1.0 118.0 10.0 10.0 37.0 249.797 93.0 0.0 1.0 0.0 0.0 0.0 0.0 83.0 172.0 28.0 4.0 
7 34 28.0 2.0 3.0 2.0 118.0 10.0 10.0 37.0 251.818 96.0 0.0 1.0 0.0 0.0 0.0 0.0 83.0 172.0 28.0 2.0 
7 34 28.0 6.0 3.0 3.0 118.0 10.0 10.0 37.0 253.957 95.0 0.0 1.0 0.0 0.0 0.0 0.0 83.0 172.0 28.0 2.0 
7 34 23.0 10.0 3.0 4.0 118.0 10.0 10.0 37.0 253.465 93.0 0.0 1.0 0.0 0.0 0.0 0.0 83.0 172.0 28.0 3.0 
7 34 23.0 10.0 3.0 4.0 118.0 10.0 10.0 37.0 253.465 93.0 0.0 1.0 0.0 0.0 0.0 0.0 83.0 172.0 28.0 3.0 
7 34 23.0 6.0 2.0 3.0 118.0 10.0 10.0 37.0 253.957 95.0 0.0 1.0 0.0 0.0 0.0 0.0 83.0 172.0 28.0 3.0 
7 34 28.0 8.0 3.0 1.0 118.0 10.0 10.0 37.0 249.797 93.0 0.0 1.0 0.0 0.0 0.0 0.0 83.0 172.0 28.0 5.0 
7 34 28.0 5.0 2.0 3.0 118.0 10.0 10.0 37.0 246.074 99.0 0.0 1.0 0.0 0.0 0.0 0.0 83.0 172.0 28.0 1.0 
7 34 23.0 9.0 2.0 1.0 118.0 10.0 10.0 37.0 241.476 92.0 0.0 1.0 0.0 0.0 0.0 0.0 83.0 172.0 28.0 3.0 
7 34 23.0 9.0 2.0 1.0 118.0 10.0 10.0 37.0 241.476 92.0 0.0 1.0 0.0 0.0 0.0 0.0 83.0 172.0 28.0 4.0 
8 34 19.0 1.0 2.0 2.0 118.0 10.0 10.0 37.0 308.593 95.0 0.0 1.0 0.0 0.0 0.0 0.0 83.0 172.0 28.0 1.0 
8 34 27.0 1.0 6.0 2.0 118.0 10.0 10.0 37.0 308.593 95.0 0.0 1.0 0.0 0.0 0.0 0.0 83.0 172.0 28.0 2.0 
8 34 27.0 1.0 5.0 2.0 118.0 10.0 10.0 37.0 308.593 95.0 0.0 1.0 0.0 0.0 0.0 0.0 83.0 172.0 28.0 2.0 
8 34 27.0 1.0 5.0 2.0 118.0 10.0 10.0 37.0 308.593 95.0 0.0 1.0 0.0 0.0 0.0 0.0 83.0 172.0 28.0 2.0 
8 34 27.0 1.0 4.0 2.0 118.0 10.0 10.0 37.0 308.593 95.0 0.0 1.0 0.0 0.0 0.0 0.0 83.0 172.0 28.0 2.0 
8 34 27.0 1.0 4.0 2.0 118.0 10.0 10.0 37.0 308.593 95.0 0.0 1.0 0.0 0.0 0.0 0.0 83.0 172.0 28.0 2.0 
8 34 27.0 1.0 3.0 2.0 118.0 10.0 10.0 37.0 308.593 95.0 0.0 1.0 0.0 0.0 0.0 0.0 83.0 172.0 28.0 1.0 
8 34 27.0 1.0 3.0 2.0 118.0 10.0 10.0 37.0 308.593 95.0 0.0 1.0 0.0 0.0 0.0 0.0 83.0 172.0 28.0 2.0 
8 34 27.0 1.0 3.0 2.0 118.0 10.0 10.0 37.0 308.593 95.0 0.0 1.0 0.0 0.0 0.0 0.0 83.0 172.0 28.0 2.0 
8 34 27.0 1.0 2.0 2.0 118.0 10.0 10.0 37.0 308.593 95.0 0.0 1.0 0.0 0.0 0.0 0.0 83.0 172.0 28.0 0.0 
8 34 27.0 1.0 2.0 2.0 118.0 10.0 10.0 37.0 308.593 95.0 0.0 1.0 0.0 0.0 0.0 0.0 83.0 172.0 28.0 2.0 
8 34 27.0 1.0 2.0 2.0 118.0 10.0 10.0 37.0 308.593 95.0 0.0 1.0 0.0 0.0 0.0 0.0 83.0 172.0 28.0 2.0 
9 20 23.0 7.0 6.0 1.0 260.0 50.0 11.0 36.0 239.554 97.0 0.0 1.0 4.0 1.0 0.0 0.0 65.0 168.0 23.0 4.0 
9 20 28.0 3.0 6.0 2.0 260.0 50.0 11.0 36.0 244.387 98.0 0.0 1.0 4.0 1.0 0.0 0.0 65.0 168.0 23.0 4.0 
9 20 22.0 9.0 6.0 1.0 260.0 50.0 11.0 36.0 241.476 92.0 0.0 1.0 4.0 1.0 0.0 0.0 65.0 168.0 23.0 8.0 
9 20 23.0 9.0 6.0 4.0 260.0 50.0 11.0 36.0 241.476 92.0 0.0 1.0 4.0 1.0 0.0 0.0 65.0 168.0 23.0 4.0 
9 20 28.0 5.0 6.0 3.0 260.0 50.0 11.0 36.0 246.074 99.0 0.0 1.0 4.0 1.0 0.0 0.0 65.0 168.0 23.0 3.0 
9 20 19.0 3.0 2.0 3.0 260.0 50.0 11.0 36.0 244.387 98.0 0.0 1.0 4.0 1.0 0.0 0.0 65.0 168.0 23.0 8.0 
9 20 28.0 4.0 6.0 3.0 260.0 50.0 11.0 36.0 239.409 98.0 0.0 1.0 4.0 1.0 0.0 0.0 65.0 168.0 23.0 3.0 
9 20 28.0 4.0 6.0 3.0 260.0 50.0 11.0 36.0 239.409 98.0 0.0 1.0 4.0 1.0 0.0 0.0 65.0 168.0 23.0 4.0 
9 20 26.0 12.0 4.0 2.0 260.0 50.0 11.0 36.0 236.629 93.0 0.0 1.0 4.0 1.0 0.0 0.0 65.0 168.0 23.0 8.0 
9 20 28.0 12.0 6.0 4.0 260.0 50.0 11.0 36.0 236.629 93.0 0.0 1.0 4.0 1.0 0.0 0.0 65.0 168.0 23.0 4.0