6 21 2129
1 1112 122.0 0.0 0.0 0.0 0.001 0.0 0.0 20.0 1.8 0.0 13.8 39.0 103.0 142.0 1.0 0.0 120.0 119.0 121.0 3.0 0.0 
1 1113 122.0 0.0 0.0 0.0 0.0 0.0 0.0 19.0 1.9 0.0 15.1 39.0 103.0 142.0 1.0 0.0 120.0 120.0 122.0 3.0 0.0 
1 1114 122.0 0.0 0.0 0.0 0.0 0.0 0.0 19.0 1.9 0.0 15.1 39.0 103.0 142.0 1.0 0.0 120.0 120.0 122.0 3.0 0.0 
1 1115 122.0 0.0 0.0 0.0 0.0 0.0 0.0 19.0 1.9 0.0 15.1 39.0 103.0 142.0 1.0 0.0 120.0 120.0 122.0 3.0 0.0 
1 1116 122.0 0.0 0.0 0.0 0.0 0.0 0.0 19.0 1.9 0.0 15.1 39.0 103.0 142.0 1.0 0.0 120.0 120.0 122.0 3.0 0.0 
1 1269 119.0 0.001 0.0 0.006 0.0 0.0 0.0 26.0 1.2 0.0 13.8 39.0 106.0 145.0 1.0 0.0 120.0 122.0 122.0 3.0 0.0 
1 1267 119.0 0.003 0.0 0.006 0.0 0.0 0.0 25.0 1.3 0.0 13.8 39.0 106.0 145.0 0.0 0.0 120.0 123.0 123.0 5.0 0.0 
1 1119 122.0 0.001 0.0 0.006 0.001 0.0 0.0 21.0 1.7 0.0 14.3 37.0 105.0 142.0 1.0 0.0 125.0 123.0 125.0 3.0 0.0 
1 1123 122.0 0.001 0.0 0.005 0.001 0.0 0.0 21.0 1.7 0.0 14.0 37.0 105.0 142.0 1.0 0.0 125.0 123.0 125.0 3.0 0.0 
1 1124 122.0 0.002 0.0 0.002 0.0 0.0 0.0 20.0 1.8 0.0 15.0 37.0 105.0 142.0 0.0 0.0 125.0 123.0 125.0 4.0 0.0 
1 1120 122.0 0.001 0.0 0.006 0.0 0.0 0.0 22.0 1.7 0.0 13.9 37.0 105.0 142.0 0.0 0.0 125.0 124.0 126.0 3.0 0.0 
1 1140 122.0 0.0 0.0 0.004 0.0 0.0 0.0 25.0 1.2 0.0 11.0 31.0 105.0 136.0 0.0 0.0 125.0 122.0 124.0 2.0 0.0 
1 1118 122.0 0.0 0.0 0.001 0.0 0.0 0.0 26.0 1.3 4.0 9.8 30.0 106.0 136.0 1.0 0.0 126.0 122.0 125.0 3.0 0.0 
1 1117 122.0 0.0 0.0 0.001 0.001 0.0 0.0 25.0 1.4 3.0 9.3 31.0 105.0 136.0 1.0 0.0 126.0 122.0 124.0 5.0 0.0 
1 1122 122.0 0.0 0.0 0.001 0.0 0.0 0.0 25.0 1.3 4.0 9.5 30.0 106.0 136.0 1.0 0.0 125.0 122.0 124.0 3.0 0.0 
1 1137 122.0 0.0 0.0 0.006 0.002 0.0 0.0 27.0 1.1 0.0 10.7 35.0 101.0 136.0 1.0 0.0 125.0 122.0 124.0 3.0 0.0 
1 1121 122.0 0.0 0.0 0.001 0.001 0.0 0.0 23.0 1.5 3.0 9.5 33.0 103.0 136.0 0.0 0.0 125.0 120.0 122.0 5.0 0.0 
1 1128 122.0 0.0 0.0 0.0 0.0 0.0 0.0 29.0 1.2 0.0 8.5 26.0 107.0 133.0 1.0 0.0 126.0 124.0 126.0 1.0 1.0 
1 1091 122.0 0.0 0.0 0.0 0.0 0.0 0.0 29.0 1.3 0.0 10.2 27.0 110.0 137.0 0.0 1.0 127.0 126.0 127.0 1.0 0.0 
1 1101 122.0 0.0 0.0 0.004 0.0 0.0 0.0 22.0 1.8 0.0 15.7 34.0 106.0 140.0 2.0 1.0 126.0 125.0 127.0 2.0 0.0 
1 1271 119.0 0.0 0.0 0.007 0.0 0.0 0.0 27.0 1.2 0.0 13.0 37.0 109.0 146.0 1.0 0.0 120.0 120.0 121.0 1.0 -1.0 
1 1258 118.0 0.0 0.0 0.007 0.0 0.0 0.0 26.0 1.2 0.0 11.1 44.0 100.0 144.0 3.0 0.0 120.0 119.0 120.0 2.0 0.0 
1 1272 119.0 0.0 0.0 0.009 0.0 0.0 0.0 27.0 1.2 0.0 13.4 36.0 110.0 146.0 1.0 0.0 120.0 120.0 121.0 1.0 -1.0 
1 1265 119.0 0.004 0.0 0.007 0.0 0.0 0.0 24.0 1.4 2.0 11.1 42.0 103.0 145.0 1.0 0.0 125.0 124.0 126.0 4.0 0.0 
1 1270 119.0 0.0 0.0 0.006 0.0 0.0 0.0 24.0 1.4 0.0 15.5 39.0 106.0 145.0 3.0 0.0 125.0 124.0 126.0 3.0 0.0 
1 1268 119.0 0.0 0.0 0.003 0.0 0.0 0.0 23.0 1.5 0.0 16.1 39.0 106.0 145.0 3.0 1.0 125.0 124.0 126.0 3.0 0.0 
1 1099 122.0 0.0 0.0 0.003 0.0 0.0 0.0 22.0 1.8 2.0 15.7 36.0 104.0 140.0 2.0 0.0 126.0 125.0 127.0 2.0 0.0 
1 1107 122.0 0.0 0.0 0.003 0.0 0.0 0.0 21.0 2.2 0.0 17.1 34.0 104.0 138.0 3.0 2.0 129.0 126.0 128.0 3.0 1.0 
1 1103 122.0 0.002 0.0 0.0 0.0 0.0 0.0 23.0 1.6 0.0 16.2 33.0 109.0 142.0 2.0 1.0 126.0 127.0 128.0 3.0 0.0 
1 1105 122.0 0.0 0.0 0.003 0.0 0.0 0.0 21.0 2.2 0.0 17.4 39.0 104.0 143.0 4.0 2.0 129.0 126.0 128.0 4.0 0.0 
1 1127 122.0 0.002 0.0 0.003 0.0 0.0 0.0 27.0 1.3 0.0 8.1 39.0 104.0 143.0 3.0 0.0 126.0 124.0 126.0 2.0 0.0 
1 1266 119.0 0.0 0.0 0.002 0.0 0.0 0.0 25.0 1.3 9.0 9.3 40.0 103.0 143.0 3.0 0.0 126.0 122.0 124.0 4.0 0.0 
1 1126 122.0 0.004 0.0 0.002 0.0 0.0 0.0 25.0 1.5 0.0 8.3 44.0 104.0 148.0 5.0 0.0 126.0 125.0 126.0 4.0 0.0 
1 1174 126.0 0.0 0.0 0.005 0.0 0.0 0.0 23.0 1.4 0.0 12.2 42.0 101.0 143.0 3.0 0.0 126.0 128.0 129.0 2.0 0.0 
1 1125 122.0 0.004 0.0 0.005 0.0 0.0 0.0 25.0 1.4 0.0 8.0 44.0 104.0 148.0 4.0 0.0 126.0 125.0 127.0 3.0 0.0 
1 1177 126.0 0.0 0.0 0.005 0.0 0.0 0.0 28.0 1.3 0.0 10.8 34.0 107.0 141.0 1.0 0.0 127.0 128.0 128.0 3.0 0.0 
1 1233 125.0 0.001 0.0 0.005 0.0 0.0 0.0 31.0 1.1 1.0 12.5 38.0 109.0 147.0 4.0 0.0 125.0 125.0 127.0 3.0 0.0 
1 1235 125.0 0.002 0.0 0.004 0.001 0.0 0.0 30.0 1.1 3.0 11.0 45.0 102.0 147.0 1.0 0.0 126.0 127.0 128.0 3.0 0.0 
1 1089 122.0 0.004 0.0 0.003 0.0 0.0 0.0 20.0 2.0 0.0 10.2 42.0 104.0 146.0 0.0 0.0 131.0 128.0 130.0 4.0 0.0 
1 1130 122.0 0.006 0.0 0.005 0.0 0.0 0.0 22.0 1.7 0.0 13.5 45.0 103.0 148.0 1.0 0.0 131.0 129.0 131.0 4.0 0.0 
1 1100 122.0 0.003 0.0 0.004 0.0 0.0 0.0 22.0 1.8 0.0 14.7 50.0 103.0 153.0 4.0 0.0 126.0 127.0 128.0 4.0 0.0 
1 1085 122.0 0.002 0.0 0.003 0.0 0.0 0.0 21.0 1.8 0.0 16.3 44.0 108.0 152.0 1.0 0.0 125.0 127.0 127.0 5.0 0.0 
1 1098 122.0 0.001 0.0 0.003 0.0 0.0 0.0 21.0 1.8 2.0 14.9 54.0 100.0 154.0 3.0 0.0 126.0 125.0 127.0 4.0 0.0 
1 1086 122.0 0.001 0.0 0.004 0.0 0.0 0.0 21.0 1.7 0.0 16.1 48.0 104.0 152.0 2.0 0.0 125.0 126.0 126.0 4.0 0.0 
1 1106 122.0 0.003 0.0 0.002 0.001 0.0 0.0 19.0 2.0 0.0 17.7 46.0 102.0 148.0 3.0 0.0 125.0 124.0 126.0 6.0 0.0 
1 1110 122.0 0.003 0.0 0.004 0.0 0.0 0.0 21.0 2.0 0.0 12.6 49.0 107.0 156.0 3.0 0.0 126.0 125.0 126.0 5.0 0.0 
1 1111 122.0 0.005 0.0 0.0 0.0 0.0 0.0 20.0 2.1 0.0 9.8 55.0 101.0 156.0 4.0 1.0 127.0 126.0 127.0 7.0 0.0 
1 1104 122.0 0.007 0.0 0.003 0.0 0.0 0.0 19.0 2.3 0.0 12.1 53.0 104.0 157.0 2.0 1.0 125.0 127.0 128.0 8.0 0.0 
1 1102 122.0 0.004 0.0 0.003 0.0 0.0 0.0 21.0 1.7 0.0 14.9 55.0 104.0 159.0 1.0 1.0 126.0 127.0 128.0 6.0 0.0 
2 2080 130.0 0.004 0.0 0.001 0.0 0.0 0.0 75.0 0.6 10.0 5.4 32.0 126.0 158.0 3.0 0.0 139.0 139.0 140.0 3.0 0.0 
2 2081 130.0 0.003 0.002 0.001 0.0 0.0 0.0 74.0 1.3 8.0 5.0 32.0 126.0 158.0 3.0 0.0 139.0 137.0 140.0 3.0 0.0 
2 2096 133.0 0.0 0.0 0.004 0.0 0.0 0.0 75.0 0.4 13.0 7.2 26.0 129.0 155.0 1.0 0.0 136.0 137.0 139.0 1.0 0.0 
2 2078 130.0 0.005 0.001 0.001 0.0 0.0 0.0 72.0 0.9 8.0 4.4 31.0 127.0 158.0 2.0 0.0 139.0 139.0 140.0 3.0 0.0 
2 2077 130.0 0.005 0.001 0.001 0.0 0.0 0.0 72.0 0.9 9.0 4.8 31.0 127.0 158.0 1.0 0.0 139.0 139.0 141.0 3.0 0.0 
2 2079 130.0 0.005 0.0 0.001 0.0 0.0 0.0 73.0 0.6 9.0 5.0 32.0 126.0 158.0 2.0 0.0 139.0 140.0 141.0 3.0 0.0 
2 2076 130.0 0.007 0.001 0.001 0.0 0.0 0.0 71.0 0.7 10.0 4.0 31.0 127.0 158.0 1.0 0.0 139.0 140.0 141.0 3.0 0.0 
2 2074 130.0 0.007 0.001 0.001 0.0 0.0 0.0 71.0 0.7 5.0 3.8 31.0 127.0 158.0 1.0 0.0 139.0 139.0 140.0 3.0 0.0 
2 2073 130.0 0.007 0.001 0.001 0.0 0.0 0.0 70.0 0.7 6.0 4.4 31.0 127.0 158.0 1.0 0.0 139.0 140.0 141.0 3.0 0.0 
2 2075 130.0 0.008 0.001 0.005 0.0 0.0 0.0 70.0 0.7 6.0 4.3 31.0 127.0 158.0 1.0 0.0 139.0 140.0 141.0 3.0 0.0 
3 1800 143.0 0.0 0.0 0.004 0.0 0.0 0.0 66.0 0.4 4.0 10.2 22.0 132.0 154.0 1.0 0.0 144.0 143.0 145.0 1.0 0.0 
3 424 143.0 0.0 0.0 0.002 0.0 0.0 0.0 65.0 0.5 0.0 9.2 23.0 129.0 152.0 2.0 1.0 143.0 143.0 145.0 1.0 0.0 
3 339 137.0 0.0 0.021 0.0 0.0 0.0 0.0 65.0 0.4 11.0 8.1 20.0 133.0 153.0 1.0 0.0 145.0 144.0 146.0 1.0 0.0 
3 1802 143.0 0.0 0.0 0.004 0.0 0.0 0.0 66.0 0.4 4.0 9.9 22.0 132.0 154.0 0.0 0.0 144.0 143.0 145.0 1.0 0.0 
3 1803 143.0 0.0 0.0 0.003 0.0 0.0 0.0 67.0 0.4 6.0 9.6 26.0 133.0 159.0 1.0 0.0 144.0 144.0 145.0 1.0 0.0 
3 1801 143.0 0.0 0.0 0.004 0.0 0.0 0.0 66.0 0.4 5.0 10.0 24.0 134.0 158.0 1.0 0.0 144.0 144.0 145.0 1.0 0.0 
3 1807 143.0 0.0 0.0 0.001 0.0 0.0 0.0 68.0 0.3 6.0 9.6 27.0 132.0 159.0 1.0 0.0 144.0 144.0 146.0 1.0 0.0 
3 1808 143.0 0.0 0.0 0.001 0.0 0.0 0.0 69.0 0.3 6.0 9.7 25.0 133.0 158.0 1.0 0.0 145.0 144.0 146.0 1.0 0.0 
3 1804 143.0 0.0 0.0 0.003 0.0 0.0 0.0 67.0 0.3 6.0 9.6 24.0 134.0 158.0 1.0 0.0 144.0 144.0 146.0 1.0 0.0 
3 1806 143.0 0.0 0.0 0.001 0.0 0.0 0.0 68.0 0.3 5.0 9.4 26.0 133.0 159.0 1.0 0.0 144.0 144.0 145.0 1.0 0.0 
3 1805 143.0 0.0 0.0 0.002 0.0 0.0 0.0 68.0 0.3 5.0 9.4 23.0 135.0 158.0 1.0 0.0 144.0 144.0 145.0 1.0 0.0 
3 1809 143.0 0.0 0.0 0.001 0.0 0.0 0.0 69.0 0.3 6.0 9.4 27.0 132.0 159.0 1.0 0.0 145.0 144.0 146.0 1.0 0.0 
3 1810 143.0 0.0 0.0 0.001 0.0 0.0 0.0 69.0 0.3 8.0 9.9 27.0 132.0 159.0 1.0 0.0 146.0 145.0 146.0 1.0 0.0 
3 1813 143.0 0.0 0.0 0.003 0.0 0.0 0.0 68.0 0.3 5.0 10.3 27.0 132.0 159.0 1.0 0.0 146.0 145.0 147.0 1.0 0.0 
3 1811 143.0 0.0 0.0 0.003 0.0 0.0 0.0 67.0 0.3 4.0 10.5 25.0 133.0 158.0 1.0 0.0 146.0 145.0 147.0 1.0 0.0 
3 478 145.0 0.0 0.0 0.0 0.0 0.0 0.0 66.0 0.4 9.0 7.7 22.0 135.0 157.0 1.0 0.0 148.0 148.0 149.0 0.0 0.0 
3 1391 142.0 0.0 0.0 0.007 0.0 0.0 0.0 60.0 0.4 8.0 7.7 20.0 136.0 156.0 0.0 0.0 147.0 146.0 148.0 1.0 0.0 
3 1822 141.0 0.001 0.0 0.007 0.0 0.0 0.0 65.0 0.5 1.0 11.7 24.0 133.0 157.0 1.0 0.0 150.0 147.0 149.0 2.0 1.0 
3 1823 141.0 0.001 0.0 0.008 0.0 0.0 0.0 67.0 0.4 0.0 11.2 24.0 133.0 157.0 0.0 0.0 150.0 147.0 149.0 1.0 1.0 
3 425 143.0 0.0 0.0 0.002 0.0 0.0 0.0 65.0 0.6 7.0 12.9 29.0 129.0 158.0 4.0 1.0 150.0 145.0 146.0 5.0 0.0 
3 743 139.0 0.002 0.002 0.004 0.0 0.0 0.0 61.0 0.4 8.0 6.4 17.0 138.0 155.0 1.0 0.0 147.0 146.0 148.0 0.0 0.0 
3 1372 144.0 0.0 0.0 0.008 0.0 0.0 0.0 61.0 0.4 10.0 7.6 20.0 136.0 156.0 2.0 0.0 148.0 146.0 148.0 1.0 0.0 
3 1392 142.0 0.0 0.0 0.007 0.0 0.0 0.0 58.0 0.4 9.0 7.9 20.0 136.0 156.0 0.0 0.0 148.0 147.0 149.0 1.0 0.0 
3 444 144.0 0.0 0.003 0.0 0.0 0.0 0.0 61.0 0.4 8.0 6.7 16.0 140.0 156.0 0.0 0.0 148.0 147.0 149.0 0.0 0.0 
3 96 148.0 0.0 0.0 0.0 0.0 0.0 0.0 58.0 0.5 7.0 9.5 21.0 135.0 156.0 1.0 0.0 150.0 149.0 151.0 1.0 1.0 
4 1980 135.0 0.007 0.002 0.006 0.0 0.0 0.0 60.0 1.0 0.0 5.2 40.0 123.0 163.0 0.0 0.0 148.0 142.0 145.0 7.0 0.0 
4 1981 135.0 0.007 0.002 0.006 0.0 0.0 0.0 62.0 0.9 1.0 8.2 41.0 119.0 160.0 1.0 0.0 148.0 142.0 146.0 8.0 0.0 
4 1982 135.0 0.006 0.002 0.008 0.0 0.0 0.0 63.0 0.8 0.0 9.5 40.0 120.0 160.0 1.0 0.0 147.0 141.0 145.0 6.0 0.0 
4 1983 135.0 0.005 0.0 0.002 0.0 0.0 0.0 63.0 0.8 0.0 9.9 41.0 119.0 160.0 1.0 0.0 147.0 141.0 143.0 7.0 0.0 
4 1984 135.0 0.003 0.0 0.002 0.0 0.0 0.0 64.0 0.7 0.0 9.5 41.0 119.0 160.0 2.0 0.0 147.0 141.0 143.0 7.0 0.0 
4 1985 135.0 0.002 0.0 0.003 0.0 0.0 0.0 64.0 0.6 0.0 10.2 41.0 119.0 160.0 3.0 0.0 147.0 141.0 143.0 7.0 0.0 
4 1990 135.0 0.006 0.0 0.004 0.0 0.0 0.0 58.0 1.0 0.0 5.6 43.0 121.0 164.0 3.0 0.0 147.0 144.0 146.0 6.0 0.0 
4 1979 135.0 0.009 0.002 0.006 0.0 0.0 0.0 60.0 0.9 0.0 3.8 39.0 124.0 163.0 2.0 0.0 148.0 143.0 146.0 6.0 0.0 
4 1978 135.0 0.011 0.002 0.004 0.0 0.0 0.0 60.0 0.9 0.0 0.5 39.0 124.0 163.0 1.0 0.0 148.0 143.0 146.0 6.0 0.0 
4 1977 135.0 0.012 0.002 0.002 0.0 0.0 0.0 59.0 1.0 0.0 0.5 39.0 124.0 163.0 1.0 0.0 148.0 143.0 146.0 6.0 0.0 
4 1971 138.0 0.005 0.0 0.005 0.0 0.0 0.0 59.0 0.8 0.0 8.0 43.0 125.0 168.0 2.0 0.0 148.0 143.0 145.0 7.0 0.0 
4 1976 135.0 0.011 0.002 0.004 0.0 0.0 0.0 60.0 0.9 0.0 0.4 44.0 124.0 168.0 3.0 0.0 148.0 144.0 146.0 6.0 0.0 
4 1975 135.0 0.012 0.002 0.004 0.0 0.0 0.0 60.0 0.9 0.0 0.5 44.0 124.0 168.0 3.0 0.0 148.0 144.0 147.0 6.0 0.0 
4 1972 138.0 0.006 0.0 0.005 0.0 0.0 0.0 59.0 0.8 0.0 7.7 43.0 125.0 168.0 3.0 0.0 148.0 144.0 146.0 6.0 0.0 
4 1973 138.0 0.006 0.0 0.004 0.0 0.0 0.0 60.0 0.7 0.0 7.7 43.0 125.0 168.0 1.0 0.0 148.0 145.0 146.0 6.0 0.0 
4 1974 138.0 0.006 0.002 0.003 0.0 0.0 0.0 60.0 0.8 0.0 7.4 43.0 125.0 168.0 1.0 0.0 148.0 144.0 147.0 6.0 0.0 
4 1970 138.0 0.007 0.0 0.004 0.0 0.0 0.0 59.0 0.7 0.0 8.5 43.0 125.0 168.0 1.0 0.0 148.0 145.0 147.0 6.0 0.0 
4 1969 138.0 0.009 0.0 0.005 0.0 0.0 0.0 57.0 0.8 0.0 7.3 41.0 127.0 168.0 2.0 0.0 148.0 145.0 148.0 6.0 0.0 
4 1987 135.0 0.008 0.001 0.004 0.0 0.0 0.0 61.0 0.8 0.0 6.7 48.0 120.0 168.0 2.0 0.0 148.0 143.0 145.0 6.0 0.0 
4 1704 137.0 0.006 0.005 0.005 0.001 0.0 0.0 59.0 1.4 0.0 7.0 48.0 122.0 170.0 2.0 0.0 146.0 141.0 143.0 8.0 0.0 
4 1707 137.0 0.009 0.003 0.004 0.001 0.0 0.0 57.0 1.2 0.0 5.9 48.0 122.0 170.0 1.0 0.0 146.0 144.0 145.0 8.0 0.0 
4 1705 137.0 0.009 0.003 0.004 0.001 0.0 0.0 58.0 1.2 0.0 6.4 48.0 122.0 170.0 1.0 0.0 146.0 144.0 146.0 8.0 0.0 
4 1706 137.0 0.011 0.004 0.004 0.001 0.0 0.0 56.0 1.1 0.0 5.2 48.0 122.0 170.0 1.0 0.0 146.0 144.0 146.0 8.0 0.0 
4 1708 137.0 0.012 0.002 0.005 0.0 0.0 0.0 56.0 0.9 0.0 4.1 48.0 122.0 170.0 3.0 0.0 147.0 146.0 147.0 7.0 0.0 
4 1988 135.0 0.007 0.0 0.004 0.0 0.0 0.0 58.0 0.8 0.0 7.5 50.0 121.0 171.0 3.0 0.0 147.0 146.0 147.0 8.0 0.0 
4 1989 135.0 0.007 0.0 0.005 0.0 0.0 0.0 58.0 0.8 0.0 6.9 50.0 121.0 171.0 2.0 0.0 148.0 146.0 147.0 8.0 0.0 
4 1862 138.0 0.014 0.0 0.004 0.0 0.0 0.0 51.0 0.9 0.0 2.2 49.0 122.0 171.0 3.0 0.0 147.0 148.0 149.0 5.0 0.0 
4 1861 138.0 0.015 0.0 0.004 0.0 0.0 0.0 51.0 0.9 0.0 1.9 49.0 122.0 171.0 2.0 0.0 147.0 148.0 149.0 5.0 0.0 
4 1857 138.0 0.014 0.0 0.004 0.0 0.0 0.0 51.0 1.1 0.0 2.1 49.0 122.0 171.0 3.0 0.0 148.0 148.0 149.0 6.0 0.0 
4 1858 138.0 0.014 0.0 0.006 0.0 0.0 0.0 51.0 0.9 0.0 0.6 49.0 122.0 171.0 2.0 0.0 147.0 149.0 149.0 5.0 0.0 
4 1860 138.0 0.017 0.0 0.004 0.0 0.0 0.0 51.0 0.9 0.0 0.2 49.0 122.0 171.0 4.0 0.0 147.0 149.0 150.0 5.0 0.0 
4 1859 138.0 0.016 0.0 0.005 0.0 0.0 0.0 51.0 0.9 0.0 0.1 49.0 122.0 171.0 3.0 0.0 147.0 149.0 150.0 6.0 0.0 
5 1440 146.0 0.006 0.0 0.003 0.0 0.0 0.0 38.0 1.0 0.0 8.8 49.0 126.0 175.0 3.0 0.0 150.0 152.0 153.0 5.0 0.0 
5 1201 143.0 0.005 0.0 0.005 0.0 0.0 0.0 37.0 1.0 0.0 9.5 44.0 130.0 174.0 4.0 0.0 147.0 148.0 149.0 5.0 0.0 
5 1415 142.0 0.009 0.0 0.007 0.0 0.0 0.0 43.0 0.9 0.0 6.1 46.0 127.0 173.0 3.0 0.0 149.0 149.0 150.0 4.0 0.0 
5 1417 142.0 0.008 0.0 0.007 0.0 0.0 0.0 44.0 0.9 0.0 7.0 46.0 127.0 173.0 2.0 0.0 149.0 149.0 150.0 4.0 0.0 
5 1433 144.0 0.009 0.0 0.006 0.0 0.0 0.0 34.0 1.0 0.0 8.7 48.0 126.0 174.0 1.0 0.0 153.0 153.0 154.0 5.0 0.0 
5 1435 144.0 0.01 0.0 0.006 0.0 0.0 0.0 38.0 0.9 0.0 6.0 48.0 126.0 174.0 1.0 0.0 155.0 154.0 155.0 4.0 0.0 
5 1439 146.0 0.006 0.0 0.005 0.0 0.0 0.0 37.0 0.9 0.0 7.9 49.0 126.0 175.0 2.0 0.0 155.0 152.0 154.0 4.0 0.0 
5 1437 146.0 0.006 0.0 0.004 0.0 0.0 0.0 38.0 0.9 0.0 8.4 49.0 126.0 175.0 2.0 0.0 157.0 152.0 154.0 6.0 0.0 
5 1438 146.0 0.008 0.0 0.006 0.0 0.0 0.0 39.0 0.9 0.0 4.4 49.0 126.0 175.0 4.0 0.0 157.0 154.0 156.0 5.0 0.0 
5 1441 146.0 0.007 0.0 0.004 0.0 0.0 0.0 37.0 0.9 0.0 6.9 52.0 126.0 178.0 0.0 0.0 155.0 153.0 155.0 4.0 0.0 
5 1442 146.0 0.01 0.0 0.004 0.0 0.0 0.0 35.0 1.0 0.0 3.4 52.0 126.0 178.0 2.0 0.0 155.0 154.0 155.0 4.0 0.0 
5 1429 144.0 0.001 0.0 0.005 0.0 0.0 0.0 43.0 0.8 1.0 10.2 45.0 129.0 174.0 0.0 0.0 155.0 154.0 156.0 2.0 0.0 
5 1434 144.0 0.01 0.0 0.006 0.0 0.0 0.0 33.0 1.1 0.0 5.3 54.0 120.0 174.0 1.0 0.0 155.0 154.0 155.0 5.0 0.0 
6 1432 144.0 0.0 0.0 0.006 0.0 0.0 0.0 45.0 0.7 0.0 9.8 30.0 139.0 169.0 2.0 0.0 157.0 155.0 157.0 2.0 0.0 
6 198 145.0 0.0 0.0 0.002 0.0 0.0 0.0 49.0 0.6 3.0 11.6 27.0 140.0 167.0 0.0 0.0 159.0 156.0 158.0 3.0 1.0 
6 1204 143.0 0.003 0.0 0.008 0.0 0.0 0.0 47.0 0.7 0.0 10.9 33.0 137.0 170.0 2.0 1.0 155.0 154.0 156.0 3.0 0.0 
6 1408 145.0 0.005 0.0 0.003 0.0 0.0 0.0 46.0 0.8 0.0 8.4 31.0 140.0 171.0 2.0 0.0 153.0 152.0 152.0 3.0 0.0 
6 1431 144.0 0.002 0.0 0.005 0.0 0.0 0.0 42.0 0.7 0.0 10.0 37.0 136.0 173.0 1.0 0.0 155.0 154.0 156.0 2.0 0.0 
6 1451 148.0 0.003 0.0 0.004 0.0 0.0 0.0 44.0 0.7 6.0 8.2 28.0 142.0 170.0 1.0 0.0 155.0 155.0 156.0 1.0 0.0 
6 192 144.0 0.001 0.0 0.004 0.0 0.0 0.0 44.0 0.8 2.0 11.9 33.0 135.0 168.0 4.0 0.0 162.0 157.0 160.0 5.0 1.0 
6 71 144.0 0.001 0.0 0.005 0.0 0.0 0.0 45.0 0.8 2.0 11.5 30.0 138.0 168.0 3.0 0.0 162.0 157.0 160.0 5.0 1.0 
6 199 145.0 0.003 0.0 0.002 0.0 0.0 0.0 49.0 0.6 0.0 7.0 26.0 145.0 171.0 1.0 0.0 154.0 157.0 158.0 4.0 0.0 
6 194 144.0 0.001 0.0 0.005 0.0 0.0 0.0 46.0 0.8 2.0 11.5 31.0 138.0 169.0 3.0 0.0 162.0 158.0 161.0 5.0 1.0